90 113
89 123
90 134
91 144
95 153
102 160
109 166
118 170
125 170
131 168
134 161
137 155
141 148
145 141
148 134
150 127
151 119
104 107
111 105
117 104
123 106
128 109
140 110
143 108
146 107
149 106
152 107
134 116
134 123
135 130
136 137
126 140
129 141
132 142
135 141
138 139
109 114
114 111
119 112
122 116
118 118
113 117
137 117
140 112
145 112
147 115
145 118
141 118
114 151
121 149
128 148
131 149
133 148
135 149
136 150
134 153
132 155
129 156
126 156
120 154
117 151
127 151
130 151
132 151
135 151
132 151
130 151
127 152
